1.546672012850366684e+01
1.591472853989787772e+01
1.395743603352588380e+01
1.571273699165283588e+01
1.508239351397917183e+01
1.492423890564282907e+01
1.622720986986297476e+01
1.508920873070701774e+01
1.471701064335487885e+01
1.387767922603069159e+01
1.586403492964174866e+01
1.396304203603975225e+01
1.462484362662381621e+01
1.436240231411736090e+01
1.472264372026169177e+01
1.582104880031083560e+01
1.525118111837124424e+01
1.502955463991197327e+01
1.436266152224206039e+01
1.389365811484097435e+01
1.567298614001635393e+01
1.648578930244395480e+01
1.528086448144230758e+01
1.470683926670798769e+01
1.467998573171427346e+01
1.571230883608502893e+01
1.380071539858104579e+01
1.426778392594273548e+01
1.392010197328852428e+01
1.533416883034275280e+01
1.543625261211180799e+01
1.554383807625703717e+01
1.408976234952770668e+01
1.342112169388803089e+01
1.542228859996887103e+01
1.504210909155469800e+01
1.445128027986731922e+01
1.461464632729199664e+01
1.530533857618656413e+01
1.370670592177321367e+01
1.591924639754870796e+01
1.417785508648190174e+01
1.431111759105578685e+01
1.299624188010994530e+01
1.423225892457835506e+01
1.448273105890120149e+01
1.446008534474667151e+01
1.456650083755837777e+01
1.389452662694192142e+01
1.486448547501278483e+01
1.502987351685835193e+01
1.294025527661814046e+01
1.624553091954688711e+01
1.401033818890199534e+01
1.608455098550611240e+01
1.486496023429972979e+01
1.431190199832998822e+01
1.504133677625214105e+01
1.493772608774128052e+01
1.586471583238937377e+01
1.397033928076514542e+01
1.683588292116168716e+01
1.590718890758290982e+01
1.507363368717042995e+01
1.619643273169473119e+01
1.435205531218677066e+01
1.425925831085733009e+01
1.515553191277290246e+01
1.511637514183190945e+01
1.382894870136415300e+01
1.588198438603055251e+01
1.502488615787794757e+01
1.489588622906935633e+01
1.480406038506751543e+01
1.478245848989974576e+01
1.542730279920840353e+01
1.416950037310427746e+01
1.548653506451298156e+01
1.532082543489174142e+01
1.437358613337753432e+01
1.532437749859895959e+01
1.398590832992735855e+01
1.371067384082192575e+01
1.549195254029674551e+01
1.596302124362052943e+01
1.614550999855872959e+01
1.354017111804514428e+01
1.394925504552911555e+01
1.657724011355718829e+01
1.509216957645373292e+01
1.551002459764035812e+01
1.515131564272738274e+01
1.481169535842251328e+01
1.683399028919518869e+01
1.552523641413529454e+01
1.602622884451480445e+01
1.536516309108483291e+01
1.523568982541232231e+01
1.438382950694772866e+01
1.355741216662529780e+01
1.488842920113983759e+01
1.367572089869705465e+01
1.401539507718065281e+01
1.658787559518676602e+01
1.517509796662470833e+01
1.594153200813347837e+01
1.423417053456192249e+01
1.480344678858074481e+01
1.580469693593102853e+01
1.419006215768370893e+01
1.472942559969849263e+01
1.594656859661879622e+01
1.419082843016487772e+01
1.553726223388376759e+01
1.540308186276498326e+01
1.460714470424179545e+01
1.669705012953136958e+01
1.539338536482899933e+01
1.499412571379383508e+01
1.632821737418511532e+01
1.434671287027673436e+01
1.377283612132861101e+01
1.476153947658195698e+01
1.357368375417856221e+01
1.447000512317789678e+01
1.482153613536615566e+01
1.287482948828444940e+01
1.529097467838257707e+01
1.403254938216843328e+01
1.471626151878223432e+01
1.754447459817387767e+01
1.467604864724326319e+01
1.766840774193248009e+01
1.771351175082468998e+01
1.488555802443123177e+01
1.429586693845232581e+01
1.417841653472491892e+01
1.534801173849057498e+01
1.415888588752562782e+01
1.572389183459890027e+01
1.401517622138295138e+01
1.377074245467091806e+01
1.533407222196104236e+01
1.577223550729484280e+01
1.496768907184105935e+01
1.449242200809847603e+01
1.556001715951686393e+01
1.361673457266389420e+01
1.523407531124777670e+01
1.438284306944976443e+01
1.625457479732465771e+01
1.545606590843773454e+01
1.550203190037625411e+01
1.472848443244207139e+01
1.438254117949156097e+01
1.442566224822943965e+01
1.681885290745528039e+01
1.644582956057894663e+01
1.661639076787601255e+01
1.540262026927448069e+01
1.340717219433317808e+01
1.488826733837816008e+01
1.666465324300600059e+01
1.347030829769075488e+01
1.695955482564563965e+01
1.435750892956356672e+01
1.570096226333049749e+01
1.402696039115212656e+01
1.453877652013492927e+01
1.414709103966555226e+01
1.428405271787977959e+01
1.339445292878473737e+01
1.523201741309181223e+01
1.564291677230810862e+01
1.587361105074527856e+01
1.428623387342270057e+01
1.728070691645385182e+01
1.492636532587330400e+01
1.515233609760452538e+01
1.687136304980262835e+01
1.589101992524129159e+01
1.580033967152311725e+01
1.508202007884287177e+01
1.495608157901855684e+01
1.520006226390062665e+01
1.594603121504257182e+01
1.452089378572848233e+01
1.384968697837791751e+01
1.510004560929899675e+01
1.336071312373625020e+01
1.320698001894747264e+01
1.534296453948745587e+01
1.560132273681660209e+01
1.573882034262786966e+01
1.477127858567415686e+01
1.535861516964677875e+01
1.514951185345293894e+01
1.433458550588691338e+01
1.362674398469089532e+01
1.755396206033592676e+01
1.359231502126641367e+01
1.524039212785728736e+01
1.502774095442238966e+01
1.702273622866936265e+01
1.600909208418226015e+01
1.682335377719409308e+01
1.360637210856711121e+01
1.449103033224894688e+01
1.303845158207642463e+01
1.469761970159632902e+01
1.381120171955944009e+01
1.574292025168100118e+01
1.665100134240579877e+01
1.523842596403444105e+01
1.455954968951509088e+01
1.313186315775134894e+01
1.558335223257503621e+01
1.544561013164018881e+01
1.601610005340986831e+01
1.474601392008884382e+01
1.562156701941558978e+01
1.653521894402883063e+01
1.590247467847383689e+01
1.419256826127367077e+01
1.568987641201805516e+01
1.626167853139024189e+01
1.427451814710741118e+01
1.356946277781636923e+01
1.557185774239280640e+01
1.668931117502643957e+01
1.529651965600943697e+01
1.548507300646178209e+01
1.498791059492373456e+01
1.364269713308852694e+01
1.387124227359614892e+01
1.426426738716761022e+01
1.533154623445342679e+01
1.504714425540939260e+01
1.505069117671548540e+01
1.245311456721006849e+01
1.512150049614141700e+01
1.452910357459002455e+01
1.492289277352415588e+01
1.463057569882443687e+01
1.479102524312103917e+01
1.567894728696048467e+01
1.516356972110230750e+01
1.394481820070409128e+01
1.507736188086543194e+01
1.591519723617106585e+01
1.573958890343662098e+01
1.593408203478666785e+01
1.396929900480638409e+01
1.485813052315189964e+01
1.449068839447745027e+01
1.602806607993619892e+01
1.410573698912727103e+01
1.527021682091507948e+01
1.273735472090120169e+01
1.610791888700894603e+01
1.551227105929943662e+01
1.460696796862400859e+01
1.481742454137978449e+01
1.460492737749750347e+01
1.502123673510686608e+01
1.228422239493688295e+01
1.600950680448663377e+01
1.512856786998928982e+01
1.590112581444316220e+01
1.380509219168899193e+01
1.591997376801432473e+01
1.447496986652554440e+01
1.439733016867403137e+01
1.617316893891815610e+01
1.511032948305810564e+01
1.540363457323320517e+01
1.428962142500794030e+01
1.390807304521748478e+01
1.449210873693753321e+01
1.444587677917533419e+01
1.704263503197008944e+01
1.543953887731625940e+01
1.530141457779062009e+01
1.366335728843113095e+01
1.406969430769905216e+01
1.674066088896775284e+01
1.576328635383150178e+01
1.353357038800687384e+01
1.515667453127873365e+01
1.443699542996350793e+01
1.552352856384022672e+01
1.492363365158591293e+01
1.454561496631241724e+01
1.452628131151877966e+01
1.484461004056792888e+01
1.598487159602821173e+01
1.134144608453772207e+01
1.533342830659239731e+01
1.600045242450867988e+01
1.251769842171456126e+01
1.586066495960301737e+01
1.547488909819725222e+01
1.371541210019914203e+01
1.401573025590153776e+01
1.428559393330875871e+01
1.452283727089162113e+01
1.515414691067859643e+01
1.458832909015747070e+01
1.436366712699309467e+01
1.415571170960462233e+01
1.625781220659375492e+01
1.696064541468328102e+01
1.458071019014386493e+01
1.584194907681554909e+01
1.487317090304333611e+01
1.466521121622711732e+01
1.473031839516355390e+01
1.397873448887370884e+01
1.495620567222489505e+01
1.408635444101347112e+01
1.488581743730842177e+01
1.485956124365572784e+01
1.427686008820149866e+01
1.335309841132845143e+01
1.493892720936152330e+01
1.669417936415568349e+01
1.600363302980814595e+01
1.274083569070723954e+01
1.667313812144477581e+01
1.571035062470424037e+01
1.593880146901435424e+01
1.527270817277682546e+01
1.549381816477650986e+01
1.372964084105874605e+01
1.443971422884358446e+01
1.472145443217066507e+01
1.476705643802333690e+01
1.659008745555353315e+01
1.536904871713675469e+01
1.528395701864263323e+01
1.557121711454396262e+01
1.502041821446921510e+01
1.388713669358877567e+01
1.487561974354526306e+01
1.568141446200941935e+01
1.567265197927975784e+01
1.473079418512765493e+01
1.608570285953405232e+01
1.484663423773818103e+01
1.345012564734940597e+01
1.644127725632899484e+01
1.575753803632342631e+01
1.560457057634677369e+01
1.422928092288626623e+01
1.667518741830230411e+01
1.553850859884011371e+01
1.536742684757356869e+01
1.648802996414764976e+01
1.583835472750333118e+01
1.589921608881815196e+01
1.659670882496112299e+01
1.607204603132119658e+01
1.452500757939928455e+01
1.501821542352060312e+01
1.507976056723287961e+01
1.484556205186436983e+01
1.326227932058080405e+01
1.594339242197972872e+01
1.418784263767811105e+01
1.594037802228805489e+01
1.723513482452598566e+01
1.245587234508717245e+01
1.558129964125833666e+01
1.409726595722168874e+01
1.592405185669237078e+01
1.475153178248156038e+01
1.470595603230763970e+01
1.529722498861056934e+01
1.637427806121984730e+01
1.467111538102664881e+01
1.426273783814816909e+01
1.332144704825466341e+01
1.549121992295472161e+01
1.526441544096350178e+01
1.581483503867981533e+01
1.436586522228073726e+01
1.521000939019425147e+01
1.503905388339626725e+01
1.588591429081161976e+01
1.734399413492790742e+01
1.373540409811443830e+01
1.420846320506366034e+01
1.539005340373274322e+01
1.490121248809047749e+01
1.492426584000179979e+01
1.655506136707606402e+01
1.556984890955743239e+01
1.522676575867834892e+01
1.538738065401635247e+01
1.389388191470428957e+01
1.528493978910852391e+01
1.564513484881335970e+01
1.432128770828249564e+01
1.348455687017830762e+01
1.424255028743912632e+01
1.556236049601207938e+01
1.484121045180218879e+01
1.414841290085521486e+01
1.483327257545209044e+01
1.492936056820532187e+01
1.316953265320993083e+01
1.646133823964892784e+01
1.533082618565631883e+01
1.313159678046359602e+01
1.511089579670674077e+01
1.405106244709393160e+01
1.495448107007626959e+01
1.344562481096341600e+01
1.312014796250485382e+01
1.396849564999435067e+01
1.569749625268408799e+01
1.534855788583932146e+01
1.648001838234292293e+01
1.586111423946403143e+01
1.554268258822631310e+01
1.456043307107151286e+01
1.336824430066003444e+01
1.462651806119306741e+01
1.571565374783058644e+01
1.540660235037478287e+01
1.466576056123240512e+01
1.520563417791249172e+01
1.448183380900085382e+01
1.559680435072137250e+01
1.487753840473805766e+01
1.413386870107229498e+01
1.398562468697353367e+01
1.722602542936859749e+01
1.632049954788305968e+01
1.566499128903828897e+01
1.482233627281051724e+01
1.490994440525334319e+01
1.596704150057628091e+01
1.427819009173991560e+01
1.506620171669114505e+01
1.554584067156331173e+01
1.519778577740097347e+01
1.379376111505789027e+01
1.378909396938756338e+01
1.526546990821597838e+01
1.566929396745129743e+01
1.586076889406748336e+01
1.598008425331697602e+01
1.491626319685351376e+01
1.449853283644703161e+01
1.492942656484967934e+01
1.513566572214064543e+01
1.456275441572620721e+01
1.516182553119915255e+01
1.565067331156613939e+01
1.381272169618249634e+01
1.492438422485753691e+01
1.418848257127136137e+01
1.486991901823860474e+01
1.492445456102414880e+01
1.681888236943627746e+01
1.519636839644714676e+01
1.411189204608312231e+01
1.416195017084307750e+01
1.497876235318760152e+01
1.530556031602374567e+01
1.384473399556253703e+01
1.607759447316639978e+01
1.448765205506492570e+01
1.439268980328166769e+01
1.345090086443504696e+01
1.434761583563182796e+01
1.556685588274080700e+01
1.614390921523019884e+01
1.385901470834350135e+01
1.548669788827617211e+01
1.608652426462963447e+01
1.577518397986777821e+01
1.462122103622726854e+01
1.460193973944115697e+01
1.354354416450758514e+01
1.516510281075647448e+01
1.334708580720711346e+01
1.571864905399911017e+01
1.528388384890240559e+01
1.358905837239794856e+01
1.594042996254180444e+01
1.436850160660491582e+01
1.531002961673948448e+01
1.609855839320793436e+01
1.441225143420030719e+01
1.679142670343008348e+01
1.276876005263887137e+01
1.406163759746390518e+01
1.514096778142698163e+01
1.659338112422188871e+01
1.535833558389359332e+01
1.400826911103299111e+01
1.511019789484215181e+01
1.594592107967477190e+01
1.539207801730860758e+01
1.497688820264972520e+01
1.579573230046711529e+01
1.612090341978685615e+01
1.464756664171150113e+01
1.540695184826775055e+01
1.567973368902805831e+01
1.420887630133901780e+01
1.507622239510380702e+01
1.463861026094909512e+01
1.557186627827940484e+01
1.422294298006694291e+01
1.507878564872984306e+01
1.570795029099682694e+01
1.548354917874667613e+01
1.529155054817045745e+01
1.530994909236971324e+01
1.341599779028998007e+01
1.675412958784053785e+01
1.421401375595330663e+01
1.499735873000926034e+01
1.348731143080248174e+01
1.360020075557224750e+01
1.457514242113109582e+01
1.472031978155663090e+01
1.512696571113202815e+01
1.445024968243589392e+01
1.511523962931973841e+01
1.523620503775293678e+01
1.552571165797978381e+01
1.497089460714317077e+01
1.397972111687993646e+01
1.489111132838933038e+01
1.654119000595245481e+01
1.402886477236540586e+01
1.517182633451657736e+01
1.445026130805104003e+01
1.461198794935628698e+01
1.442525466559399483e+01
1.540279319080121390e+01
1.487096163685387928e+01
1.438575054799261466e+01
1.464814046649622270e+01
1.603427674947663562e+01
1.524461733990923484e+01
1.426877787755597637e+01
1.505140525407284358e+01
1.612140669915624258e+01
1.555283306766908069e+01
1.288908236797209916e+01
1.620825130956830051e+01
1.565407642740619387e+01
1.385110490624337842e+01
1.536496805592827997e+01
1.475454647257135932e+01
1.449831713834390534e+01
1.286998365084142648e+01
1.553838315882458332e+01
1.332942504048688548e+01
1.578139269290113766e+01
1.520318494542025256e+01
1.624716788365222442e+01
1.447315774677057831e+01
1.356399387994750327e+01
1.474977617976733413e+01
1.372669154968474459e+01
1.529878056092832139e+01
1.450391410461916131e+01
1.620419194967103493e+01
1.499532435680134057e+01
1.576437725660622391e+01
1.561985685904616794e+01
1.488657022380707851e+01
1.454334884800347538e+01
1.363623577999696934e+01
1.431351162654447151e+01
1.558592990891176910e+01
1.531862855296152937e+01
1.412293536096393076e+01
1.571128239286339934e+01
1.542637976038556857e+01
1.480289084710183900e+01
1.532160393972460533e+01
1.381735193642219706e+01
1.585599948882251198e+01
1.462602210558158511e+01
1.570324408014712425e+01
1.653520295306372745e+01
1.283236630599176564e+01
1.523676388753347410e+01
1.472323600994530146e+01
1.594064311476109452e+01
1.429488789445112040e+01
1.574948748993354464e+01
1.520572641412550041e+01
1.491660400491390881e+01
1.561586384550375151e+01
1.526433410074792008e+01
1.480809497398677443e+01
1.488739978940742503e+01
1.458926119940857191e+01
1.442925052992742074e+01
1.486338567697854707e+01
1.458286710383692153e+01
1.490724945021561965e+01
1.530742131746841928e+01
1.459836398713033745e+01
1.377762030199057008e+01
1.498306396267317808e+01
1.449806304622897102e+01
1.418292463926648672e+01
1.353559297769375291e+01
1.515807977645486382e+01
1.751520899644329177e+01
1.702126151566791634e+01
1.583187972819416345e+01
1.475330057964615449e+01
1.615054300062798731e+01
1.546400715145403915e+01
1.471959743660821651e+01
1.427272554228887635e+01
1.552605089643129510e+01
1.588909934133316071e+01
1.569109898565124439e+01
1.263386115379941899e+01
1.477221557672375774e+01
1.436913120285731438e+01
1.494297649454897581e+01
1.243044860645900584e+01
1.351222942230166879e+01
1.558778174189684762e+01
1.560700611084168798e+01
1.552330380619244465e+01
1.480308439732570136e+01
1.374827466922401698e+01
1.418351503690466231e+01
1.450145596602917841e+01
1.505266154800890099e+01
1.541088048633446483e+01
1.549441728504610438e+01
1.584003091729782398e+01
1.445439433798234141e+01
1.452292539202991684e+01
1.495328614569030812e+01
1.704648985544705297e+01
1.551493039027614707e+01
1.633347988260835493e+01
1.405317753387775959e+01
1.396619239548322788e+01
1.430948395316433341e+01
1.422538821093722738e+01
1.350100712297433780e+01
1.655645629847399292e+01
1.474747221863382940e+01
1.596371444448692323e+01
1.610656344470661594e+01
1.507995512093777002e+01
1.496012235434329263e+01
1.493813541176991144e+01
1.530591383718422094e+01
1.428179917481453920e+01
1.490828095136606457e+01
1.469565528171662550e+01
1.640429575073170199e+01
1.487598605322494727e+01
1.514606809485185934e+01
1.560961614894521965e+01
1.509534616392700634e+01
1.675537645288234501e+01
1.415775068913631252e+01
1.525108036506301801e+01
1.411703914887301892e+01
1.508260529272217099e+01
1.436490193451954589e+01
1.363861679323238896e+01
1.445983068491309353e+01
1.431039276237670599e+01
1.449082328338156245e+01
1.793081330395929740e+01
1.728893554851284975e+01
1.548647029523032259e+01
1.521837347783652206e+01
1.497966547246960189e+01
1.366147316750317486e+01
1.424539156079600666e+01
1.462974766037728713e+01
1.550956131349535383e+01
1.689285562126406148e+01
1.550148540863404101e+01
1.549942959354783056e+01
1.463494666815188516e+01
1.554131010972706406e+01
1.595905181692362618e+01
1.633893271064806996e+01
1.480426099525547201e+01
1.552761684987075341e+01
1.576846105484547245e+01
1.515823623882482529e+01
1.535170946907026490e+01
1.475399545830683579e+01
1.498226193202128975e+01
1.484571323613348071e+01
1.485508949209532936e+01
1.406249001666679099e+01
1.565048828361411992e+01
1.500347829949886780e+01
1.704953814950912516e+01
1.538075775075017582e+01
1.507252841129503551e+01
1.455617568906572679e+01
1.511530183881305689e+01
1.397703683876991221e+01
1.636188353548346797e+01
1.489698834502103431e+01
1.538338693493754228e+01
1.556018846450730386e+01
1.367468951108886088e+01
1.579178832485618322e+01
1.608965569395271089e+01
1.462238906562496688e+01
1.498462390263208199e+01
1.537243697494917782e+01
1.339830199426185331e+01
1.557582161661725273e+01
1.337668663378661194e+01
1.572388158557611781e+01
1.422528941854575102e+01
1.425165879724665885e+01
1.397452656411302918e+01
1.421211871589012077e+01
1.623951910727960879e+01
1.446808265278980699e+01
1.326909615987483093e+01
1.556198901292773940e+01
1.420942386228480281e+01
1.579001788219617453e+01
1.720726392498832524e+01
1.519451838989033376e+01
1.497924518656029136e+01
1.464638952122436244e+01
1.508634461719793052e+01
1.371926043398282147e+01
1.623281367076124937e+01
1.518089820682125612e+01
1.546796469132890373e+01
1.535515504519546148e+01
1.407589157653862699e+01
1.531960646526484915e+01
1.523387099076778206e+01
1.510857395458010544e+01
1.643089051664208711e+01
1.359778373332181900e+01
1.493316707172959745e+01
1.422067013194019758e+01
1.572113839841590632e+01
1.531742704730132054e+01
1.466023433371326057e+01
1.622066013705521570e+01
1.708782576643955409e+01
1.593960817583716860e+01
1.654819638549142979e+01
1.638683889508670788e+01
1.547050611563551925e+01
1.418304204849441419e+01
1.348437056448989502e+01
1.582863274003137377e+01
1.231628070980076828e+01
1.529728024033880907e+01
1.374212040287052972e+01
1.487315775707815035e+01
1.390366277311378873e+01
1.709418567623041696e+01
1.497023810806180677e+01
1.485144898956613524e+01
1.569235118010760210e+01
1.422158516557700203e+01
1.551125954140315955e+01
1.665233010073542985e+01
1.682299444325848370e+01
1.596798846618056622e+01
1.392947480989836428e+01
1.475211734722755885e+01
1.527027791626040809e+01
1.459763600174776954e+01
1.444153527869042009e+01
1.546944166671400822e+01
1.475678987638249495e+01
1.437148856087014970e+01
1.477104585563946415e+01
1.470684877020631198e+01
1.555422570980847219e+01
1.618346595648401376e+01
1.457349865732472516e+01
1.449167259903985361e+01
1.518703088566135229e+01
1.436154550206514457e+01
1.531163347656563900e+01
1.564818358510133756e+01
1.407829929965823546e+01
1.498966166647621279e+01
1.517106387581223537e+01
1.520218254281139991e+01
1.597664185344660837e+01
1.484993736053937319e+01
1.628995266260648123e+01
1.450399839533368862e+01
1.423163329762681606e+01
1.601248685613012057e+01
1.569635515509300383e+01
1.626168694587058994e+01
1.477750763168445580e+01
1.523969408451474017e+01
1.509167088757758179e+01
1.591067337042714058e+01
1.504210728847487211e+01
1.525360832929511723e+01
1.630548178590949604e+01
1.421771101329031417e+01
1.428860351163920583e+01
1.562742583007449326e+01
1.408553350341900767e+01
1.309198157084659719e+01
1.582364833325616971e+01
1.332658671230619341e+01
1.441004368110024814e+01
1.605439772812640342e+01
1.603657813102589813e+01
1.581758740016718079e+01
1.476828423611115859e+01
1.490441027779899485e+01
1.467016944407162704e+01
1.489679806621081504e+01
1.542564497888697517e+01
1.555052491321136365e+01
1.413147626846352267e+01
1.472374602348873118e+01
1.364773697701970789e+01
1.358155417166223877e+01
1.475676986446200267e+01
1.409988708096230248e+01
1.599133289659949853e+01
1.514938205505296764e+01
1.353456737283383404e+01
1.284775774286259420e+01
1.547418594033774397e+01
1.273159613256647660e+01
1.528592099334849230e+01
1.373936916788441032e+01
1.379385993296245516e+01
1.506078809794736983e+01
1.517284157870646055e+01
1.455841567844602125e+01
1.502863663829425001e+01
1.772209015506088292e+01
1.367927800700818786e+01
1.500000427763252553e+01
1.472707835266541210e+01
1.343930802946086622e+01
1.574760650268312823e+01
1.297517605833253818e+01
1.441189827131548284e+01
1.424232903812733220e+01
1.483247882233432513e+01
1.466841897950056861e+01
1.427713700021163667e+01
1.408182217800529124e+01
1.396285742738741043e+01
1.412093318122461305e+01
1.643950286271284966e+01
1.468719971854021011e+01
1.447708237147324439e+01
1.425410841421012087e+01
1.642589937384427401e+01
1.585716585996283179e+01
1.478004998920075330e+01
1.567481881963023405e+01
1.337615388663839866e+01
1.603107203828903593e+01
1.468783284674272771e+01
1.443724162879167316e+01
1.567211142005655233e+01
1.507952317850041446e+01
1.411643662290810219e+01
1.594903713893838670e+01
1.481057717749957270e+01
1.532529164160152391e+01
1.691740804698406464e+01
1.457773034210206298e+01
1.382324139393128881e+01
1.573624212127416122e+01
1.567597236024218077e+01
1.379975025359230756e+01
1.569735597522114823e+01
1.449133849015777464e+01
1.630732004868201201e+01
1.384514273953585928e+01
1.391054695200203639e+01
1.665614928184005805e+01
1.478150891269081058e+01
1.392777086947613974e+01
1.384769574330596953e+01
1.588008883836301166e+01
1.610537113755594874e+01
1.507935619339827404e+01
1.253998552479052364e+01
1.453859769770638088e+01
1.429282832719631458e+01
1.675322631723473776e+01
1.470222305229236071e+01
1.344281934188635574e+01
1.545799222372468584e+01
1.561137266197633089e+01
1.624157039508039446e+01
1.493341859407608929e+01
1.418330805379641468e+01
1.384322845458451567e+01
1.600757559619364301e+01
1.574943443911142360e+01
1.374098975928199451e+01
1.660075486442978843e+01
1.564775301251680339e+01
1.614152015669158757e+01
1.625603405065022855e+01
1.333197954308114852e+01
1.508710281449687862e+01
1.403574460015174097e+01
1.387513629218055300e+01
1.547781345266656672e+01
1.581784746463398150e+01
1.567588766558432667e+01
1.513059095983653890e+01
1.437956760178880877e+01
1.594693796807815112e+01
1.411876321928101596e+01
1.409291118172907176e+01
1.551288432076121637e+01
1.569429315754767273e+01
1.365825874331062018e+01
1.566475351687820528e+01
1.673517149068228349e+01
1.385804813476671526e+01
1.423772271993259686e+01
1.521206238550244016e+01
1.501992855373490343e+01
1.591819533180214208e+01
1.363084978468396002e+01
1.605055921176708367e+01
1.527316045004954859e+01
1.474379203616655509e+01
1.559973137795707565e+01
1.456924342134189132e+01
1.669669743465441059e+01
1.545708854643831032e+01
1.539484036180234128e+01
1.528949103334615245e+01
1.226853922662450458e+01
1.494088101370825861e+01
1.602574143467593615e+01
1.348785746158475973e+01
1.391033164411470757e+01
1.418852218962838840e+01
1.616272785390399136e+01
1.364099510474053645e+01
1.607578580349795416e+01
1.419036016650529852e+01
1.413763853528834780e+01
1.390217732476633650e+01
1.532447620169001290e+01
1.478576464547986369e+01
1.644866946009528164e+01
1.437311092374135768e+01
1.306305316253855864e+01
1.510745694745041057e+01
1.661905177867258132e+01
1.611103477360277481e+01
1.562398392128822167e+01
1.392878355471469121e+01
1.613883755930432784e+01
1.448491168048190758e+01
1.519251625339795808e+01
1.536351702715602663e+01
1.261821190309016671e+01
1.641566354485993529e+01
1.485211539495411870e+01
1.295164033849508378e+01
1.526182945202339702e+01
1.573229559985979442e+01
1.679954806454351512e+01
1.581197269259290117e+01
1.501310947715872146e+01
1.294619880304206028e+01
1.558797668432510974e+01
1.519859761388549302e+01
1.718284469023485528e+01
1.370293218094673371e+01
